
er 2 34.000000 60.000000
raghav 11 89.000000 20.000000
raghav 11 23.000000 200.000000
raghav 23 23.000000 2.000000
er 34 23.000000 0.000000
raghav 23 34.000000 0.000000
34 45 23.000000 0.000000
er 34 12.000000 0.000000
er 34 45.000000 0.000000
re 34 23.000000 2334067.000000
ere 34 23.000000 35488000.000000
rg 34 23.000000 0.000000
r 4 3.000000 0.000000
er 34 34.000000 0.000000
er 23 3.000000 0.000000
er 34 4.000000 0.000000
er 34 3.000000 0.000000
er 3 4.000000 0.000000
er 44 5.000000 0.000000
er 4 5.000000 0.000000
er 34 4.000000 20.000000
er 34 4.000000 80.000000
raghav 11 34.000000 73.599998
raghav 23 34.000000 75.000000
raghav 34 35.000000 75.250000
